# px py pz mumu t real imag
0 0 0 0 0 1.139157360e+00 6.563264570e-21
0 0 0 0 1 9.558132037e-02 -2.705294193e-21
0 0 0 0 2 1.946838783e-02 7.946749994e-21
0 0 0 0 3 5.759329423e-03 -3.447889126e-21
0 0 0 0 4 2.209129698e-03 -4.617210704e-22
0 0 0 0 5 9.899424804e-04 1.123156175e-22
0 0 0 0 6 4.963118182e-04 -1.554962227e-22
0 0 0 0 7 2.422117397e-04 3.658674779e-22
0 0 0 0 8 1.197557827e-04 9.700914114e-23
0 0 0 0 9 5.730382997e-05 3.501562969e-23
0 0 0 0 10 2.920854242e-05 -1.489975234e-24
0 0 0 0 11 1.303773196e-05 -9.245298348e-24
0 0 0 0 12 5.181401797e-06 -2.864637937e-24
0 0 0 0 13 1.522606489e-06 -3.934762465e-24
0 0 0 0 14 1.579253694e-08 1.140867049e-23
0 0 0 0 15 -3.728042669e-07 -6.325528500e-24
0 0 0 0 16 -2.935088325e-07 6.677284733e-24
0 0 0 0 17 -2.468346852e-07 1.131213916e-24
0 0 0 0 18 -2.580993528e-07 -2.499631996e-24
0 0 0 0 19 -1.813801463e-07 -1.886505635e-25
0 0 0 0 20 -1.247746446e-07 3.410419243e-25
0 0 0 0 21 -8.083754751e-08 -3.073220649e-25
0 0 0 0 22 -4.118212982e-08 -1.504517491e-25
0 0 0 0 23 -2.367661867e-08 -8.422470670e-26
0 0 0 0 24 -1.571673254e-08 -1.463702320e-25
0 0 0 0 25 -9.004205281e-09 -8.397513083e-26
0 0 0 0 26 -4.411225438e-09 -3.648018231e-26
0 0 0 0 27 -2.887805759e-09 -1.759850072e-26
0 0 0 0 28 -1.331101574e-09 -4.023008193e-26
0 0 0 0 29 -1.021916455e-09 1.360110832e-26
0 0 0 0 30 -8.962761355e-10 1.126323275e-26
0 0 0 0 31 -6.089058814e-10 -4.823884435e-27
0 0 0 0 32 -2.865500723e-10 1.284795570e-28
0 0 0 0 33 -1.159373029e-11 -1.653387746e-27
0 0 0 0 34 3.904126723e-11 3.765196893e-28
0 0 0 0 35 -6.384888165e-12 -6.699347312e-28
0 0 0 0 36 -1.677791754e-12 -1.373650274e-28
0 0 0 0 37 5.879982272e-12 -1.030048964e-28
0 0 0 0 38 1.474078536e-12 3.370069254e-29
0 0 0 0 39 2.017544035e-12 -1.445479757e-28
0 0 0 0 40 2.693816734e-12 -2.882878793e-29
0 0 0 0 41 1.072669936e-12 -1.518085390e-29
0 0 0 0 42 -5.451508065e-13 -9.503910571e-29
0 0 0 0 43 -7.483995258e-13 4.979405204e-29
0 0 0 0 44 -6.172284208e-13 -5.106025469e-30
0 0 0 0 45 -3.147552845e-13 5.139777391e-30
0 0 0 0 46 6.113092787e-14 1.467414775e-29
0 0 0 0 47 1.654416560e-13 -5.230669247e-30
0 0 0 0 48 1.744914004e-13 7.155073494e-30
0 0 0 0 49 1.909535745e-13 -1.509303149e-30
0 0 0 0 50 1.013928700e-13 -1.220558102e-30
0 0 0 0 51 2.087276139e-13 1.037332651e-29
0 0 0 0 52 4.652758658e-13 5.826901047e-30
0 0 0 0 53 1.072758529e-12 1.062246661e-30
0 0 0 0 54 7.286025845e-13 1.980915244e-30
0 0 0 0 55 2.553963166e-13 4.355153531e-30
0 0 0 0 56 -4.095258870e-12 4.049142523e-29
0 0 0 0 57 -1.997118831e-11 -3.652759177e-28
0 0 0 0 58 -4.133695860e-11 3.105843221e-28
0 0 0 0 59 -6.028672501e-11 9.570716266e-30
0 0 0 0 60 -6.946077670e-11 -1.935559594e-28
0 0 0 0 61 -5.356949944e-11 -1.544672853e-28
0 0 0 0 62 -4.671916758e-11 7.008050770e-28
0 0 0 0 63 2.600761046e-11 8.080223674e-28
0 0 0 0 64 1.474272589e-10 -1.949068837e-27
0 0 0 0 65 4.296013084e-10 -3.247764999e-28
0 0 0 0 66 1.016362308e-09 -4.379607834e-27
0 0 0 0 67 2.132944951e-09 5.766326698e-28
0 0 0 0 68 3.488320801e-09 -2.842487709e-26
0 0 0 0 69 4.556955295e-09 1.442866039e-26
0 0 0 0 70 6.361978276e-09 1.732930194e-26
0 0 0 0 71 1.025302574e-08 6.404880019e-26
0 0 0 0 72 2.101908190e-08 1.660118332e-26
0 0 0 0 73 2.766728659e-08 -8.084246557e-27
0 0 0 0 74 3.899507103e-08 -1.376530725e-25
0 0 0 0 75 5.774382581e-08 -7.021856021e-25
0 0 0 0 76 9.251518284e-08 4.201410072e-25
0 0 0 0 77 1.833681011e-07 9.593889671e-26
0 0 0 0 78 2.883760332e-07 1.779039113e-26
0 0 0 0 79 4.276853376e-07 -2.487644466e-24
0 0 0 0 80 7.531773944e-07 -4.711657928e-24
0 0 0 0 81 1.463805463e-06 1.847979246e-24
0 0 0 0 82 3.119341171e-06 -9.303106075e-24
0 0 0 0 83 6.503897172e-06 8.310984114e-24
0 0 0 0 84 1.088832773e-05 -2.275877596e-23
0 0 0 0 85 1.816190803e-05 -2.553233517e-24
0 0 0 0 86 3.311852492e-05 3.788612413e-23
0 0 0 0 87 6.070618039e-05 -5.061897023e-23
0 0 0 0 88 1.124883863e-04 4.333428785e-23
0 0 0 0 89 2.096841093e-04 -4.913363981e-22
0 0 0 0 90 4.151233100e-04 -1.844301765e-22
0 0 0 0 91 8.921926572e-04 5.938744823e-22
0 0 0 0 92 2.024466196e-03 -1.326616757e-21
0 0 0 0 93 5.446445472e-03 -5.908266772e-22
0 0 0 0 94 1.907765982e-02 7.471974172e-21
0 0 0 0 95 9.529347008e-02 7.892181923e-21
0 0 0 1 0 1.138367254e+00 4.287814782e-20
0 0 0 1 1 9.541628670e-02 1.486076499e-20
0 0 0 1 2 1.922425238e-02 6.073315154e-21
0 0 0 1 3 5.664837854e-03 -8.058387065e-22
0 0 0 1 4 2.160985651e-03 -1.244195964e-21
0 0 0 1 5 9.519733611e-04 3.297655678e-22
0 0 0 1 6 4.607976476e-04 -7.591886280e-23
0 0 0 1 7 2.407752742e-04 1.631436044e-22
0 0 0 1 8 1.303813782e-04 -5.501053996e-23
0 0 0 1 9 6.791321897e-05 -1.772460645e-23
0 0 0 1 10 3.193260572e-05 -7.573165664e-24
0 0 0 1 11 1.348047384e-05 -7.923344176e-24
0 0 0 1 12 6.504666731e-06 2.744367572e-23
0 0 0 1 13 2.988995819e-06 1.626674101e-23
0 0 0 1 14 1.440367109e-06 -2.107886826e-24
0 0 0 1 15 8.977163300e-07 -2.820184047e-24
0 0 0 1 16 5.530257074e-07 2.505706225e-24
0 0 0 1 17 3.416263221e-07 3.422646587e-24
0 0 0 1 18 2.202299038e-07 -2.074533787e-24
0 0 0 1 19 1.050056121e-07 4.810284473e-25
0 0 0 1 20 4.466903000e-08 2.456355087e-26
0 0 0 1 21 -4.470200352e-09 4.269315219e-26
0 0 0 1 22 -2.052346424e-08 2.561036929e-26
0 0 0 1 23 -2.146621643e-08 2.025794805e-26
0 0 0 1 24 -1.525419935e-08 3.923182775e-26
0 0 0 1 25 -8.792514716e-09 8.520289422e-27
0 0 0 1 26 -5.112153810e-09 6.833980908e-26
0 0 0 1 27 -2.854040487e-09 -2.765450511e-27
0 0 0 1 28 -6.378928115e-10 2.030066979e-26
0 0 0 1 29 5.724041361e-10 1.496022938e-26
0 0 0 1 30 7.276322840e-10 1.087409013e-26
0 0 0 1 31 4.819860810e-10 3.259006267e-27
0 0 0 1 32 1.559088116e-10 -4.901870731e-27
0 0 0 1 33 5.039388651e-11 1.979227359e-27
0 0 0 1 34 3.428010446e-11 4.586794756e-29
0 0 0 1 35 2.480962080e-11 -1.901632412e-28
0 0 0 1 36 4.264903599e-11 -2.273568003e-28
0 0 0 1 37 2.677663027e-11 8.334115167e-29
0 0 0 1 38 1.715841068e-11 -1.096508955e-28
0 0 0 1 39 6.043847646e-12 5.179788585e-29
0 0 0 1 40 5.208390336e-12 -1.938390711e-29
0 0 0 1 41 3.298962724e-12 2.900214570e-29
0 0 0 1 42 -1.462901061e-12 9.712753599e-30
0 0 0 1 43 -2.752824694e-12 3.992221663e-29
0 0 0 1 44 -2.561265204e-12 4.273199194e-30
0 0 0 1 45 -1.826098348e-12 1.188699610e-29
0 0 0 1 46 -8.803090808e-13 8.667575492e-30
0 0 0 1 47 -5.356051891e-13 2.806946597e-30
0 0 0 1 48 -4.228330829e-13 -2.906198193e-32
0 0 0 1 49 -2.338399663e-13 1.961174462e-30
0 0 0 1 50 -1.840485918e-13 2.727393654e-30
0 0 0 1 51 -1.639723497e-13 -5.453270638e-30
0 0 0 1 52 7.498539595e-14 -1.270073761e-29
0 0 0 1 53 1.049347537e-12 2.845226863e-29
0 0 0 1 54 1.796053144e-12 1.499288313e-29
0 0 0 1 55 4.235034645e-12 8.295172863e-29
0 0 0 1 56 5.987554305e-12 1.761946639e-29
0 0 0 1 57 1.187445287e-11 -3.351965512e-29
0 0 0 1 58 2.148416742e-11 -1.159621679e-28
0 0 0 1 59 4.546377510e-11 -1.248657420e-28
0 0 0 1 60 8.223258151e-11 5.829497200e-28
0 0 0 1 61 1.219014616e-10 -7.927466615e-28
0 0 0 1 62 1.737679480e-10 1.595278588e-27
0 0 0 1 63 2.595239567e-10 -1.645922842e-27
0 0 0 1 64 3.779426354e-10 -4.569051548e-27
0 0 0 1 65 5.174948672e-10 -3.086073165e-27
0 0 0 1 66 7.863609262e-10 -5.452427851e-27
0 0 0 1 67 1.711420713e-09 -1.809655853e-26
0 0 0 1 68 3.165593857e-09 1.363829572e-26
0 0 0 1 69 6.010157428e-09 -2.596229986e-26
0 0 0 1 70 8.299192140e-09 4.875793948e-26
0 0 0 1 71 1.326913651e-08 3.980325887e-26
0 0 0 1 72 2.253047336e-08 6.744938233e-26
0 0 0 1 73 3.305358026e-08 -1.266689733e-25
0 0 0 1 74 5.433064463e-08 -1.719046242e-26
0 0 0 1 75 1.039283324e-07 6.590932863e-26
0 0 0 1 76 1.947724192e-07 5.030881537e-26
0 0 0 1 77 3.560764295e-07 6.241767249e-25
0 0 0 1 78 6.346603351e-07 1.590251288e-24
0 0 0 1 79 1.103036523e-06 8.644337799e-25
0 0 0 1 80 1.942071306e-06 2.302953195e-24
0 0 0 1 81 3.074492985e-06 -9.957633434e-25
0 0 0 1 82 4.614183832e-06 3.486298195e-24
0 0 0 1 83 7.475127196e-06 1.124545202e-23
0 0 0 1 84 1.366178071e-05 -2.443575540e-24
0 0 0 1 85 2.339168264e-05 -1.493458844e-23
0 0 0 1 86 4.158249042e-05 -4.363110150e-23
0 0 0 1 87 7.169052028e-05 -8.419278939e-23
0 0 0 1 88 1.260574631e-04 -1.370362212e-22
0 0 0 1 89 2.276413463e-04 9.190630918e-23
0 0 0 1 90 4.211575458e-04 2.885987921e-22
0 0 0 1 91 8.658965703e-04 -5.024475986e-23
0 0 0 1 92 2.031399528e-03 -4.682666216e-22
0 0 0 1 93 5.447813196e-03 9.777113282e-22
0 0 0 1 94 1.900537697e-02 -3.644990756e-21
0 0 0 1 95 9.495383613e-02 -2.661388997e-21
0 0 0 2 0 1.139918226e+00 -1.218230247e-21
0 0 0 2 1 9.570776947e-02 -9.978977663e-21
0 0 0 2 2 1.921503503e-02 8.296621544e-22
0 0 0 2 3 5.589610617e-03 1.034651081e-21
0 0 0 2 4 2.144748157e-03 2.137938766e-22
0 0 0 2 5 9.556951923e-04 3.562438293e-22
0 0 0 2 6 4.625134622e-04 4.063403590e-23
0 0 0 2 7 2.378365125e-04 -5.173513900e-24
0 0 0 2 8 1.299592497e-04 4.214612448e-24
0 0 0 2 9 6.709928799e-05 -1.397406130e-22
0 0 0 2 10 3.333134596e-05 -1.768149046e-23
0 0 0 2 11 1.698641212e-05 1.534323101e-23
0 0 0 2 12 8.729350511e-06 -1.022843361e-24
0 0 0 2 13 4.595006766e-06 -2.375428055e-23
0 0 0 2 14 2.672520068e-06 1.611705938e-23
0 0 0 2 15 1.628083520e-06 -8.194851167e-24
0 0 0 2 16 8.499771594e-07 9.839241190e-25
0 0 0 2 17 4.105179027e-07 4.409669351e-25
0 0 0 2 18 2.344567178e-07 -1.079407843e-24
0 0 0 2 19 1.358183511e-07 -3.178478359e-26
0 0 0 2 20 7.754081615e-08 1.831735022e-25
0 0 0 2 21 2.517819674e-08 1.719085685e-26
0 0 0 2 22 -4.455442742e-09 -2.395849455e-25
0 0 0 2 23 -1.482884158e-08 6.296618720e-26
0 0 0 2 24 -1.136574451e-08 1.696492708e-25
0 0 0 2 25 -4.511251700e-09 -4.204855422e-26
0 0 0 2 26 -2.549760599e-09 -7.178831453e-26
0 0 0 2 27 -8.584769312e-10 -8.273868997e-27
0 0 0 2 28 3.038752438e-10 -6.663039680e-27
0 0 0 2 29 8.562950839e-10 1.422681060e-26
0 0 0 2 30 6.500926838e-10 4.016066217e-27
0 0 0 2 31 5.354018465e-10 3.164928441e-27
0 0 0 2 32 4.080585715e-10 -4.342432764e-28
0 0 0 2 33 2.790827637e-10 -1.579718615e-27
0 0 0 2 34 2.191436540e-10 3.140144033e-28
0 0 0 2 35 1.489416494e-10 -3.935121692e-28
0 0 0 2 36 8.857004174e-11 1.963986320e-29
0 0 0 2 37 4.845175347e-11 -3.613429762e-28
0 0 0 2 38 1.787984390e-11 2.809931789e-28
0 0 0 2 39 3.977952341e-12 -2.699899559e-28
0 0 0 2 40 -9.048542613e-13 -3.421472324e-29
0 0 0 2 41 -3.955369968e-13 2.860651154e-29
0 0 0 2 42 7.513380299e-13 1.514069826e-30
0 0 0 2 43 1.806046247e-13 -1.116866034e-29
0 0 0 2 44 -6.650213214e-13 -7.277150369e-30
0 0 0 2 45 -5.281024398e-13 -4.321834943e-30
0 0 0 2 46 -1.750361556e-13 -1.610595027e-30
0 0 0 2 47 1.367323190e-13 -1.056137852e-30
0 0 0 2 48 3.716217975e-13 -2.326625688e-30
0 0 0 2 49 7.930604583e-13 -7.697159579e-31
0 0 0 2 50 1.673094278e-12 1.176803381e-30
0 0 0 2 51 3.244239050e-12 -1.092683576e-29
0 0 0 2 52 5.229077853e-12 -6.359216046e-30
0 0 0 2 53 6.496458397e-12 1.851810530e-29
0 0 0 2 54 6.835009117e-12 -2.442252503e-29
0 0 0 2 55 8.924269265e-12 1.034801196e-28
0 0 0 2 56 1.494447807e-11 -7.130471544e-29
0 0 0 2 57 1.329606473e-11 -1.443905189e-28
0 0 0 2 58 9.712888445e-12 4.840362692e-29
0 0 0 2 59 4.282188338e-12 1.369089671e-28
0 0 0 2 60 -4.110855742e-12 1.057474206e-28
0 0 0 2 61 -5.189117479e-12 -3.279492769e-28
0 0 0 2 62 -1.703289182e-11 9.676950561e-28
0 0 0 2 63 -2.706707120e-11 1.963591890e-27
0 0 0 2 64 -1.645593631e-10 -1.097373312e-27
0 0 0 2 65 -6.525904469e-10 -1.351337220e-27
0 0 0 2 66 -9.191776273e-10 -3.831398809e-27
0 0 0 2 67 -1.255234967e-09 8.712475660e-28
0 0 0 2 68 -1.853893917e-09 1.753046147e-27
0 0 0 2 69 -2.803798385e-09 2.390426037e-26
0 0 0 2 70 -3.773914883e-09 4.729763469e-26
0 0 0 2 71 1.128512903e-10 -3.719242510e-26
0 0 0 2 72 1.278763588e-08 -2.328954050e-26
0 0 0 2 73 3.420087697e-08 -8.396181880e-26
0 0 0 2 74 6.139127067e-08 4.434163482e-25
0 0 0 2 75 1.056001506e-07 -1.091809131e-25
0 0 0 2 76 1.655929990e-07 -1.711197076e-26
0 0 0 2 77 2.802704701e-07 5.501295072e-25
0 0 0 2 78 5.099137109e-07 1.832006390e-24
0 0 0 2 79 8.810344898e-07 2.014422586e-24
0 0 0 2 80 1.408450502e-06 -3.927454457e-24
0 0 0 2 81 2.494110489e-06 2.179799386e-24
0 0 0 2 82 3.921294722e-06 1.663878043e-24
0 0 0 2 83 5.762234810e-06 2.399651765e-24
0 0 0 2 84 9.141395624e-06 -2.363982630e-23
0 0 0 2 85 1.753643024e-05 -2.961542873e-23
0 0 0 2 86 3.396533248e-05 7.600044995e-23
0 0 0 2 87 6.711488100e-05 1.115739621e-23
0 0 0 2 88 1.299034920e-04 -7.297041628e-23
0 0 0 2 89 2.459782748e-04 -3.949908594e-22
0 0 0 2 90 4.779606590e-04 -8.516426212e-23
0 0 0 2 91 9.839596420e-04 -5.101725285e-22
0 0 0 2 92 2.157894463e-03 -6.899849531e-23
0 0 0 2 93 5.570560188e-03 1.720558292e-21
0 0 0 2 94 1.926504370e-02 -2.262468222e-22
0 0 0 2 95 9.563038215e-02 8.601385901e-22
0 0 0 3 0 -1.386299710e+00 6.973752949e-21
0 0 0 3 1 -2.049161967e-04 1.960733414e-20
0 0 0 3 2 -1.509503008e-05 -3.890327356e-21
0 0 0 3 3 -5.101949560e-06 -5.446596593e-22
0 0 0 3 4 -2.080981479e-06 1.538610869e-21
0 0 0 3 5 -4.144528309e-06 -4.691600413e-22
0 0 0 3 6 -3.144322812e-06 1.820370881e-22
0 0 0 3 7 -2.856125717e-06 -2.905770785e-22
0 0 0 3 8 5.531763551e-07 2.028276750e-22
0 0 0 3 9 -4.284480556e-07 5.716957022e-24
0 0 0 3 10 -1.333055047e-07 4.726400160e-23
0 0 0 3 11 -1.899192083e-08 7.914155524e-24
0 0 0 3 12 -6.194474545e-08 -2.193926938e-23
0 0 0 3 13 -8.621955228e-08 1.792569656e-24
0 0 0 3 14 -3.938412317e-08 4.555854743e-24
0 0 0 3 15 1.053543823e-09 3.550719732e-24
0 0 0 3 16 -4.257201274e-09 -2.849599092e-24
0 0 0 3 17 -4.570073612e-09 -2.284503316e-24
0 0 0 3 18 -1.578828832e-09 3.834325483e-25
0 0 0 3 19 -3.784832846e-09 -2.862594787e-25
0 0 0 3 20 -9.618356481e-10 4.537930246e-25
0 0 0 3 21 2.453815689e-10 -7.737147758e-27
0 0 0 3 22 2.536119085e-09 7.496979056e-26
0 0 0 3 23 8.531244233e-11 2.612723095e-25
0 0 0 3 24 -8.171077461e-10 6.784203785e-27
0 0 0 3 25 3.280894309e-10 3.890030896e-26
0 0 0 3 26 3.063949205e-10 -2.371384906e-26
0 0 0 3 27 4.169698319e-11 -1.754998577e-26
0 0 0 3 28 1.335856378e-10 -2.780611431e-27
0 0 0 3 29 1.285398100e-10 -3.330472134e-29
0 0 0 3 30 -3.183446051e-12 5.105064044e-27
0 0 0 3 31 -2.088260592e-11 -5.770714737e-27
0 0 0 3 32 -3.555001666e-12 3.494148446e-27
0 0 0 3 33 -2.284471717e-11 -1.131642539e-27
0 0 0 3 34 -5.284534802e-12 7.980529837e-28
0 0 0 3 35 3.080841751e-13 -1.076317505e-28
0 0 0 3 36 3.208176932e-12 -4.368956671e-28
0 0 0 3 37 1.738019568e-13 -2.205744454e-28
0 0 0 3 38 6.770412656e-13 -1.583456267e-28
0 0 0 3 39 7.669412248e-13 -1.618929008e-28
0 0 0 3 40 6.718254217e-13 -3.871340670e-29
0 0 0 3 41 6.057465434e-13 -6.143071336e-29
0 0 0 3 42 6.352576623e-13 1.461376383e-29
0 0 0 3 43 9.411655114e-13 1.239721105e-30
0 0 0 3 44 8.320045956e-13 2.257666562e-29
0 0 0 3 45 8.400508536e-13 -1.652210762e-29
0 0 0 3 46 7.838636603e-13 -1.606297796e-30
0 0 0 3 47 8.183888601e-13 7.692976700e-31
0 0 0 3 48 8.028167462e-13 -1.486902177e-30
0 0 0 3 49 8.331649976e-13 -4.514120993e-30
0 0 0 3 50 8.893488031e-13 4.036953793e-30
0 0 0 3 51 8.583156225e-13 1.087617177e-29
0 0 0 3 52 8.856376076e-13 -9.276048984e-30
0 0 0 3 53 7.684569505e-13 5.790260230e-30
0 0 0 3 54 9.882089699e-13 2.298597389e-31
0 0 0 3 55 5.024103882e-13 5.464729921e-30
0 0 0 3 56 2.180797983e-13 5.669533311e-29
0 0 0 3 57 8.094336056e-13 7.943459537e-29
0 0 0 3 58 1.045331398e-12 4.098186329e-29
0 0 0 3 59 3.188376133e-12 1.887759939e-28
0 0 0 3 60 9.649673828e-13 1.777375746e-28
0 0 0 3 61 3.135880601e-12 1.817615644e-29
0 0 0 3 62 8.159753006e-12 -6.906662114e-28
0 0 0 3 63 -1.528432228e-11 5.866290166e-28
0 0 0 3 64 1.231737767e-11 -3.406396915e-27
0 0 0 3 65 -2.071876647e-11 1.333113300e-27
0 0 0 3 66 2.696711273e-11 -3.716225117e-27
0 0 0 3 67 9.876750838e-11 2.591186207e-27
0 0 0 3 68 3.758801302e-11 3.600977469e-27
0 0 0 3 69 9.669916122e-11 -3.169051471e-27
0 0 0 3 70 8.751604941e-11 -1.332499468e-26
0 0 0 3 71 -7.209953774e-12 6.895630388e-27
0 0 0 3 72 1.838889406e-10 -1.927581622e-27
0 0 0 3 73 -1.939787121e-10 1.384932094e-25
0 0 0 3 74 -1.889343869e-10 -3.445113345e-26
0 0 0 3 75 1.554286384e-09 2.028165332e-25
0 0 0 3 76 -1.538949468e-09 -1.863415676e-25
0 0 0 3 77 -8.685550095e-10 -1.064184405e-24
0 0 0 3 78 -2.222426973e-09 4.173926158e-25
0 0 0 3 79 -2.922164729e-10 -2.382044389e-25
0 0 0 3 80 -8.917505207e-09 -1.564241755e-24
0 0 0 3 81 1.808208238e-08 1.261041489e-25
0 0 0 3 82 -9.413198959e-08 1.806251659e-24
0 0 0 3 83 -5.321858755e-08 -1.221414165e-23
0 0 0 3 84 -1.245640272e-07 -5.535784071e-24
0 0 0 3 85 1.283239640e-07 2.733502749e-23
0 0 0 3 86 1.611173840e-10 4.510345673e-23
0 0 0 3 87 -1.198179855e-09 9.569041815e-23
0 0 0 3 88 3.511083802e-07 -3.428427359e-23
0 0 0 3 89 9.402494683e-07 -5.203535547e-22
0 0 0 3 90 -4.867266800e-07 -2.662883416e-22
0 0 0 3 91 4.223345750e-06 6.683683973e-23
0 0 0 3 92 -6.696028908e-06 -1.643052115e-24
0 0 0 3 93 1.769382011e-05 -1.236518693e-21
0 0 0 3 94 8.934538115e-06 -3.208413876e-21
0 0 0 3 95 -1.482297526e-04 -1.218726556e-20
